48 92 0.08
100 100 100 100 100 100 100 100 100 100 100 100 100 100 100 100 100 100 100 100 100 100 100 100 100 100 100 100 100 100 100 100 100 100 100 100 100 100 100 100 100 100 100 100 100 100 100 100
100  51  51  51  51  51  51  51  51  51  51  51  51  51  51  51  51  51  51  51  51  51  51  51  51  51  51  51  51  51  51  51  51  51  51  51  51  51  51  51  51  51  51  51  51  51  51 100
100  51  51  51  51  51  51  51  51  51  51  51  51  51  51  51  51  51  51  51  51  51  51  51  51  51  51  51  51  51  51  51  51  51  51  51  51  51  51  51  51  51  51  51  51  51  51 100
100  51  51  51  51  51  51  51  51  51  51  51  51  51  51  51  51  51  51  51  51  51  51  51  51  51  51  51  51  51  51  51  51  51  51  51  51  51  51  51  51  51  51  51  51  51  51 100
100  51  51  51  51  51  51  51  51  51  51  51  51  51  51  51  51  51  51  51  51  51  51  51  51  51  51  51  51  51  51  51  51  51  51  51  51  51  51  51  51  51  51  51  51  51  51 100
100  51  51  51  51  51  51  51  51  51  51  51  51  51  51  51  51  51  51  51  51  51  51  51  51  51  51  51  51  51  51  51  51  51  51  51  51  51  51  51  51  51  51  51  51  51  51 100
100  51  51  51  51  51  51  51  51  51  51  51  51  51  51  51  51  51  51  51  51  51  51  51  51  51  51  51  51  51  51  51  51  51  51  51  51  51  51  51  51  51  51  51  51  51  51 100
100  51  51  51  51  51  51  51  51  51  51  51  51  51  51  51  51  51  51  51  51  51  51  51  51  51  51  51  51  51  51  51  51  51  51  51  51  51  51  51  51  51  51  51  51  51  51 100
100  51  51  51  51  51  51  51  51  51  51  51  51  51  51  51  51  51  51  51  51  51  51  51  51  51  51  51  51  51  51  51  51  51  51  51  51  51  51  51  51  51  51  51  51  51  51 100
100  51  51  51  51  51  51  51  51   0   0   0   0   0   0   0   0   0   0   0   0   0   0   0   0   0   0   0   0   0   0   0   0   0   0   0   0   0   0  51  51  51  51  51  51  51  51 100
100  51  51  51  51  51  51  51  51   0   0   0   0   0   0   0   0   0   0   0   0   0   0   0   0   0   0   0   0   0   0   0   0   0   0   0   0   0   0  51  51  51  51  51  51  51  51 100
100  51  51  51  51  51  51  51  51   0   0   0   0   0   0   0   0   0   0   0   0   0   0   0   0   0   0   0   0   0   0   0   0   0   0   0   0   0   0  51  51  51  51  51  51  51  51 100
100  51  51  51  51  51  51  51  51   0   0   0   0   0   0   0   0   0   0   0   0   0   0   0   0   0   0   0   0   0   0   0   0   0   0   0   0   0   0  51  51  51  51  51  51  51  51 100
100  51  51  51  51  51  51  51  51   0   0   0   0   0   0   0   0   0   0   0   0   0   0   0   0   0   0   0   0   0   0   0   0   0   0   0   0   0   0  51  51  51  51  51  51  51  51 100
100  51  51  51  51  51  51  51  51   0   0   0   0   0   0   0   0   0   0   0   0   0   0   0   0   0   0   0   0   0   0   0   0   0   0   0   0   0   0  51  51  51  51  51  51  51  51 100
100  51  51  51  51  51  51  51  51   0   0   0   0   0   0   0   0   0   0   0   0   0   0   0   0   0   0   0   0   0   0   0   0   0   0   0   0   0   0  51  51  51  51  51  51  51  51 100
100  51  51  51  51  51  51  51  51   0   0   0   0   0   0   0   0   0   0   0   0   0   0   0   0   0   0   0   0   0   0   0   0   0   0   0   0   0   0  51  51  51  51  51  51  51  51 100
100  51  51  51  51  51  51  51  51   0   0   0   0   0   0   0   0   0   0   0   0   0   0   0   0   0   0   0   0   0   0   0   0   0   0   0   0   0   0  51  51  51  51  51  51  51  51 100
100  51  51  51  51  51  51  51  51   0   0   0   0   0   0   0   0   0   0   0   0   0   0   0   0   0   0   0   0   0   0   0   0   0   0   0   0   0   0  51  51  51  51  51  51  51  51 100
100  51  51  51  51  51  51  51  51   0   0   0   0   0   0   0   0   0   0   0   0   0   0   0   0   0   0   0   0   0   0   0   0   0   0   0   0   0   0  51  51  51  51  51  51  51  51 100
100  51  51  51  51  51  51  51  51   0   0   0   0   0   0   0   0   0   0   0   0   0   0   0   0   0   0   0   0   0   0   0   0   0   0   0   0   0   0  51  51  51  51  51  51  51  51 100
100  51  51  51  51  51  51  51  51   0   0   0   0   0   0   0   0   0   0   0   0   0   0   0   0   0   0   0   0   0   0   0   0   0   0   0   0   0   0  51  51  51  51  51  51  51  51 100
100  51  51  51  51  51  51  51  51   0   0   0   0   0   0   0   0   0   0   0   0   0   0   0   0   0   0   0   0   0   0   0   0   0   0   0   0   0   0  51  51  51  51  51  51  51  51 100
100  51  51  51  51  51  51  51  51   0   0   0   0   0   0   0   0   0   0   0   0   0   0   0   0   0   0   0   0   0   0   0   0   0   0   0   0   0   0  51  51  51  51  51  51  51  51 100
100  51  51  51  51  51  51  51  51   0   0   0   0   0   0   0   0   0   0   0   0   0   0   0   0   0   0   0   0   0   0   0   0   0   0   0   0   0   0  51  51  51  51  51  51  51  51 100
100  51  51  51  51  51  51  51  51   0   0   0   0   0   0   0   0   0   0   0   0   0   0   0   0   0   0   0   0   0   0   0  51  51  51  51  51  51  51  51  51  51  51  51  51  51  51 100
100  51  51  51  51  51  51  51  51   0   0   0   0   0   0   0   0   0   0   0   0   0   0   0   0   0   0   0   0   0  51  51  51  51  51  51  51  51  51  51  51  51  51  51  51  51  51 100
100  51  51  51  51  51  51  51  51   0   0   0   0   0   0   0   0   0   0   0   0   0   0   0   0   0   0  51  51  51  51  51  51  51  51  51  51  51  51  51  51  51  51  51  51  51  51 100
100  51  51  51  51  51  51  51  51   0   0   0   0   0   0   0   0   0   0   0   0   0   0   0   0   0  51  51  51  51  51  51  51  51  51  51  51  51  51  51  51  51  51  51  51  51  51 100
100  51  51  51  51  51  51  51  51   0  51  51  51  51  51  51   0   0   0   0   0   0   0   0   0  51  51  51  51  51  51  51  51  51  51  51  51  51  51  51  51  51  51  51  51  51  51 100
100  51  51  51  51  51  51  51  51  51  51  51  51  51  51  51  51  51  51   0   0   0   0   0   0  51  51  51  51  51  51  51  51  51  51  51  51  51  51  51  51  51  51  51  51  51  51 100
100  51  51  51  51  51  51  51  51  51  51  51  51  51  51  51  51  51  51  51   0   0   0   0   0  51  51  51  51  51  51  51  51  51  51  51  51  51  51  51  51  51  51  51  51  51  51 100
100  51  51  51  51  51  51  51  51  51  51  51  51  51  51  51  51  51  51  51   0   0   0   0  51  51  51  51  51  51  51  51  51  51  51  51  51  51  51  51  51  51  51  51  51  51  51 100
100  51  51  51  51  51  51  51  51  51  51  51  51  51  51  51  51  51  51  51  51   0   0   0  51  51  51  51  51  51  51 100 100 100 100 100 100 100 100  51  51  51  51  51  51  51  51 100
100  51  51  51  51  51  51  51  51  51  51  51  51  51  51  51  51  51  51  51  51   0   0   0  51  51  51  51  51  51  51 100 100 100 100 100 100 100 100  51  51  51  51  51  51  51  51 100
100  51  51  51  51  51  51  51  51  51  51  51  51  51  51  51  51  51  51  51  51  51   0   0  51  51  51  51  51  51  51 100 100 100 100 100 100 100 100  51  51  51  51  51  51  51  51 100
100  51  51  51  51  51  51  51  51  51  51  51  51  51  51  51  51  51  51  51  51  51  51   0  51  51  51  51  51  51  51 100 100 100 100 100 100 100 100  51  51  51  51  51  51  51  51 100
100  51  51  51  51  51  51  51  51  51  51 100 100 100 100 100  51  51  51  51  51  51  51   0  51  51  51  51  51  51  51 100 100 100 100 100 100 100 100  51  51  51  51  51  51  51  51 100
100  51  51  51  51  51  51  51  51  51  51 100 100 100 100 100  51  51  51  51  51  51  51   0  51  51  51  51  51  51  51 100 100 100 100 100 100 100 100  51  51  51  51  51  51  51  51 100
100  51  51  51  51  51  51  51  51  51  51 100 100 100 100 100  51  51  51  51  51  51  51   0  51  51  51  51  51  51  51 100 100 100 100 100 100 100 100  51  51  51  51  51  51  51  51 100
100  51  51  51  51  51  51  51  51  51  51 100 100 100 100 100  51  51  51  51  51  51  51   0  51  51  51  51  51  51  51 100 100 100 100 100 100 100 100  51  51  51  51  51  51  51  51 100
100  51  51  51  51  51  51  51  51  51  51 100 100 100 100 100  51  51  51  51  51  51  51   0  51  51  51  51  51  51  51 100 100 100 100 100 100 100 100  51  51  51  51  51  51  51  51 100
100  51  51  51  51  51  51  51  51  51  51 100 100 100 100 100  51  51  51  51  51  51  51   0  51  51  51  51  51  51  51 100 100 100 100 100 100 100 100  51  51  51  51  51  51  51  51 100
100  51  51  51  51  51  51  51  51  51  51 100 100 100 100 100  51  51  51  51  51  51  51   0   0  51  51  51  51  51  51 100 100 100 100 100 100 100 100  51  51  51  51  51  51  51  51 100
100  51  51  51  51  51  51  51  51  51  51 100 100 100 100 100  51  51  51  51  51  51  51   0   0  51  51  51  51  51  51  51  51  51  51  51  51  51  51  51  51  51  51  51  51  51  51 100
100  51  51  51  51  51  51  51  51  51  51 100 100 100 100 100  51  51  51  51  51  51  51   0   0  51  51  51  51  51  51  51  51  51  51  51  51  51  51  51  51  51  51  51  51  51  51 100
100  51  51  51  51  51  51  51  51  51  51  51  51  51  51  51  51  51  51  51  51  51  51   0   0   0  51  51  51  51  51  51  51  51  51  51  51  51  51  51  51  51  51  51  51  51  51 100
100  51  51  51  51  51  51  51  51  51  51  51  51  51  51  51  51  51  51  51  51  51  51   0   0   0  51  51  51  51  51  51  51  51  51  51  51  51  51  51  51  51  51  51  51  51  51 100
100  51  51  51  51  51  51  51  51  51  51  51  51  51  51  51  51  51  51  51  51  51  51   0   0   0   0  51  51  51  51  51  51  51  51  51  51  51  51  51  51  51  51  51  51  51  51 100
100  51  51  51  51  51  51  51  51  51  51  51  51  51  51  51  51  51  51  51  51  51  51   0   0   0   0   0   0  51  51  51  51  51  51  51  51  51  51  51  51  51  51  51  51  51  51 100
100  51  51  51  51  51  51  51  51  51  51  51  51  51  51  51  51  51  51  51  51  51   0   0   0   0   0   0   0   0  51  51  51  51  51  51  51  51  51  51  51  51  51  51  51  51  51 100
100  51  51  51  51  51  51  51  51  51  51  51  51  51  51  51  51  51  51  51  51  51   0   0   0   0   0   0   0   0   0   0   0  51  51  51  51   0   0  51  51  51  51  51  51  51  51 100
100  51  51  51  51  51  51  51  51  51  51  51  51  51  51  51  51  51  51  51  51   0   0   0   0  51  51  51  51  51  51   0   0   0   0   0   0   0   0  51  51  51  51  51  51  51  51 100
100  51  51  51  51  51  51  51  51  51  51  51  51  51  51  51  51  51  51   0   0   0  51  51  51  51  51  51  51  51  51  51   0   0   0   0   0   0   0  51  51  51  51  51  51  51  51 100
100  51  51  51  51  51  51  51  51   0   0   0   0   0   0   0   0   0   0   0   0  51  51  51  51  51  51  51  51  51  51  51  51  51   0   0   0   0   0  51  51  51  51  51  51  51  51 100
100  51  51  51  51  51  51  51  51   0   0   0   0   0   0   0   0   0   0   0  51  51  51  51  51  51  51  51  51  51  51  51  51  51  51   0   0   0   0  51  51  51  51  51  51  51  51 100
100  51  51  51  51  51  51  51  51   0   0   0   0   0   0   0   0   0   0  51  51  51  51  51  51  51  51  51  51  51  51  51  51  51  51  51  51   0   0  51  51  51  51  51  51  51  51 100
100  51  51  51  51  51  51  51  51   0   0   0   0   0   0   0   0   0   0  51  51  51  51  51  51  51  51  51  51  51  51  51  51  51  51  51  51  51   0   0  51  51  51  51  51  51  51 100
100  51  51  51  51  51  51  51  51   0   0   0   0   0   0   0   0   0   0  51  51  51  51  51  51  51  51  51  51  51  51  51  51  51  51  51  51  51  51   0  51  51  51  51  51  51  51 100
100  51  51  51  51  51  51  51  51   0   0   0   0   0   0   0   0   0   0  51  51  51  51  51  51  51  51  51  51  51  51  51  51  51  51  51  51  51  51   0  51  51  51  51  51  51  51 100
100  51  51  51  51  51  51  51  51   0   0   0   0   0   0   0   0   0  51  51  51  51  51  51  51  51 100 100 100 100 100 100  51  51  51  51  51  51  51   0  51  51  51  51  51  51  51 100
100  51  51  51  51  51  51  51  51   0   0   0   0   0   0   0   0   0  51  51  51  51  51  51  51  51 100 100 100 100 100 100  51  51  51  51  51  51  51   0  51  51  51  51  51  51  51 100
100  51  51  51  51  51  51  51  51   0   0   0   0   0   0   0   0   0  51  51  51  51  51  51  51  51 100 100 100 100 100 100  51  51  51  51  51  51  51   0  51  51  51  51  51  51  51 100
100  51  51  51  51  51  51  51  51   0   0   0   0   0   0   0   0   0  51  51  51  51  51  51  51  51 100 100 100 100 100 100  51  51  51  51  51  51  51   0  51  51  51  51  51  51  51 100
100  51  51  51  51  51  51  51  51   0   0   0   0   0   0   0   0   0  51  51  51  51  51  51  51  51 100 100 100 100 100 100  51  51  51  51  51  51  51   0  51  51  51  51  51  51  51 100
100  51  51  51  51  51  51  51  51   0   0   0   0   0   0   0   0   0  51  51  51  51  51  51  51  51 100 100 100 100 100 100  51  51  51  51  51  51  51   0  51  51  51  51  51  51  51 100
100  51  51  51  51  51  51  51  51   0   0   0   0   0   0   0   0   0   0  51  51  51  51  51  51  51 100 100 100 100 100 100  51  51  51  51  51  51  51   0  51  51  51  51  51  51  51 100
100  51  51  51  51  51  51  51  51   0   0   0   0   0   0   0   0   0   0  51  51  51  51  51  51  51 100 100 100 100 100 100  51  51  51  51  51  51  51   0  51  51  51  51  51  51  51 100
100  51  51  51  51  51  51  51  51   0   0   0   0   0   0   0   0   0   0   0  51  51  51  51  51  51  51  51  51  51  51  51  51  51  51  51  51  51   0   0  51  51  51  51  51  51  51 100
100  51  51  51  51  51  51  51  51   0   0   0   0   0   0   0   0   0   0   0  51  51  51  51  51  51  51  51  51  51  51  51  51  51  51  51  51  51   0  51  51  51  51  51  51  51  51 100
100  51  51  51  51  51  51  51  51   0   0   0   0   0   0   0   0   0   0   0   0  51  51  51  51  51  51  51  51  51  51  51  51  51  51  51  51  51   0  51  51  51  51  51  51  51  51 100
100  51  51  51  51  51  51  51  51   0   0   0   0   0   0   0   0   0   0   0   0   0  51  51  51  51  51  51  51  51  51  51  51  51  51  51  51   0   0  51  51  51  51  51  51  51  51 100
100  51  51  51  51  51  51  51  51   0   0   0   0   0   0   0   0   0   0   0   0   0   0  51  51  51  51  51  51  51  51  51  51  51  51  51   0   0   0  51  51  51  51  51  51  51  51 100
100  51  51  51  51  51  51  51  51   0   0   0   0   0   0   0   0   0   0   0   0   0   0   0  51  51  51  51  51  51  51  51  51  51  51   0   0   0   0  51  51  51  51  51  51  51  51 100
100  51  51  51  51  51  51  51  51   0   0   0   0   0   0   0   0   0   0   0   0   0   0   0   0  51  51  51  51  51  51  51  51   0   0   0   0   0   0  51  51  51  51  51  51  51  51 100
100  51  51  51  51  51  51  51  51   0   0   0   0   0   0   0   0   0   0   0   0   0   0   0   0   0   0  51  51  51  51   0   0   0   0   0   0   0   0  51  51  51  51  51  51  51  51 100
100  51  51  51  51  51  51  51  51   0   0   0   0   0   0   0   0   0   0   0   0   0   0   0   0   0   0   0   0   0   0   0   0   0   0   0   0   0   0  51  51  51  51  51  51  51  51 100
100  51  51  51  51  51  51  51  51   0   0   0   0   0   0   0   0   0   0   0   0   0   0   0   0   0   0   0   0   0   0   0   0   0   0   0   0   0   0  51  51  51  51  51  51  51  51 100
100  51  51  51  51  51  51  51  51   0   0   0   0   0   0   0   0   0   0   0   0   0   0   0   0   0   0   0   0   0   0   0   0   0   0   0   0   0   0  51  51  51  51  51  51  51  51 100
100  51  51  51  51  51  51  51  51   0   0   0   0   0   0   0   0   0   0   0   0   0   0   0   0   0   0   0   0   0   0   0   0   0   0   0   0   0   0  51  51  51  51  51  51  51  51 100
100  51  51  51  51  51  51  51  51   0   0   0   0   0   0   0   0   0   0   0   0   0   0   0   0   0   0   0   0   0   0   0   0   0   0   0   0   0   0  51  51  51  51  51  51  51  51 100
100  51  51  51  51  51  51  51  51   0   0   0   0   0   0   0   0   0   0   0   0   0   0   0   0   0   0   0   0   0   0   0   0   0   0   0   0   0   0  51  51  51  51  51  51  51  51 100
100  51  51  51  51  51  51  51  51   0   0   0   0   0   0   0   0   0   0   0   0   0   0   0   0   0   0   0   0   0   0   0   0   0   0   0   0   0   0  51  51  51  51  51  51  51  51 100
100  51  51  51  51  51  51  51  51  51  51  51  51  51  51  51  51  51  51  51  51  51  51  51  51  51  51  51  51  51  51  51  51  51  51  51  51  51  51  51  51  51  51  51  51  51  51 100
100  51  51  51  51  51  51  51  51  51  51  51  51  51  51  51  51  51  51  51  51  51  51  51  51  51  51  51  51  51  51  51  51  51  51  51  51  51  51  51  51  51  51  51  51  51  51 100
100  51  51  51  51  51  51  51  51  51  51  51  51  51  51  51  51  51  51  51  51  51  51  51  51  51  51  51  51  51  51  51  51  51  51  51  51  51  51  51  51  51  51  51  51  51  51 100
100  51  51  51  51  51  51  51  51  51  51  51  51  51  51  51  51  51  51  51  51  51  51  51  51  51  51  51  51  51  51  51  51  51  51  51  51  51  51  51  51  51  51  51  51  51  51 100
100  51  51  51  51  51  51  51  51  51  51  51  51  51  51  51  51  51  51  51  51  51  51  51  51  51  51  51  51  51  51  51  51  51  51  51  51  51  51  51  51  51  51  51  51  51  51 100
100  51  51  51  51  51  51  51  51  51  51  51  51  51  51  51  51  51  51  51  51  51  51  51  51  51  51  51  51  51  51  51  51  51  51  51  51  51  51  51  51  51  51  51  51  51  51 100
100  51  51  51  51  51  51  51  51  51  51  51  51  51  51  51  51  51  51  51  51  51  51  51  51  51  51  51  51  51  51  51  51  51  51  51  51  51  51  51  51  51  51  51  51  51  51 100
100  51  51  51  51  51  51  51  51  51  51  51  51  51  51  51  51  51  51  51  51  51  51  51  51  51  51  51  51  51  51  51  51  51  51  51  51  51  51  51  51  51  51  51  51  51  51 100
100 100 100 100 100 100 100 100 100 100 100 100 100 100 100 100 100 100 100 100 100 100 100 100 100 100 100 100 100 100 100 100 100 100 100 100 100 100 100 100 100 100 100 100 100 100 100 100
